# Config data1 configuration
#

[ulpsh_accelerometer]
swap = 1,0,2
conversion = 0.0191536,-0.0191536,0.0191536
rate = 0.020000
dimension = 3
factorycal = 1.000000,0.000000,0.000000,0.000000,1.000000, 0.000000,0.000000,0.000000,1.000000,0.000000,0.000000,0.000000
noise = 0.057500,0.057500,0.057500

# Gyro configuration
#
[ulpsh_gyroscope]
swap = 0,1,2
conversion = 0.0010642,0.0010642,0.0010642
rate = 0.020000
dimension = 3
factorycal = 1.000000,0.000000,0.000000,0.000000,1.000000, 0.000000,0.000000,0.000000,1.000000,0.000000,0.000000,0.000000
noise = 0.057500,0.057500,0.057500

#Mag/Compass configuration
[ulpsh_magtometer]
swap = 0,1,2
conversion = 0.60,0.60,0.60
dimension = 3
